{
    "total_training_steps": 1845,
    "train_loss": 0.004718172363936901,
    "last_train_metrics": 0.0,
    "eval_metrics": 0.4843815863132477
}