{
    "total_training_steps": 1845,
    "train_loss": 0.007237655576318502,
    "last_train_metrics": 0.0,
    "eval_metrics": 0.5105530023574829
}