{
    "total_training_steps": 1845,
    "train_loss": 0.0037777372635900974,
    "last_train_metrics": 0.0,
    "eval_metrics": 0.7113034129142761
}