{
    "total_training_steps": 1845,
    "train_loss": 0.00843025278300047,
    "last_train_metrics": 0.0,
    "eval_metrics": 0.4989446699619293
}