{
    "total_training_steps": 1845,
    "train_loss": 0.0072732046246528625,
    "last_train_metrics": 0.0,
    "eval_metrics": 0.5177817940711975
}