{
    "total_training_steps": 1845,
    "train_loss": 0.5359964370727539,
    "last_train_metrics": 0.75,
    "eval_metrics": 0.5570967197418213
}