{
    "total_training_steps": 1845,
    "train_loss": 0.26816248893737793,
    "last_train_metrics": 0.0,
    "eval_metrics": 0.5467767715454102
}